0.0 0.06684624512646532 0.07746422916822143 0.052145597455075174 0.05654520888749514 0.05491154683345724 0.0745298720453359 0.08970183461537108 0.0709396493379866 0.05805438679722996 0.05311155412332536 0.07054484406544743 0.08419381210602393 0.07372239064066816 0.09492403995995184 0.08175097993053643 0.07210082561569221 0.058544796528613774 0.07294754446945668 0.0612345768346925 0.04205009705104208 0.06313372905572114 0.09994557210956091 0.04790263496060158 0.06073833225123625 0.0849670004718915 0.05449054527859224 0.08111426327326585 0.06781200133598879 0.09772175125990282 0.09162668711355558 0.048072155532564415 0.05272756191863735 0.06129772886398652 0.08479968458769889 0.0687147213468085 0.09347051421604147 0.04892202235849148 0.06148848400798379 0.09573463859609026 0.0680899068561881 0.08731110896219395 0.06855187251838127 0.0736423323665566 0.041951974524730616 0.06365654944344508 0.06662537922008917 0.06619989439950691 0.07464306564992088 0.06483644399179175 0.05903118377727353 0.06305606024683362 0.07342836933826204 0.043352917964319004 0.05100159780542476 0.06325045331027707 0.06172593755624109 0.055494978276732145 0.05835876236724976 0.0695906851392323 0.04550209137557371 0.049350682275819006 0.06890067250589188 0.05758954087168407 0.06416008680151089 0.06492355082753483 0.053208087493123064 0.05944111438409809 0.0642757208760658 0.03937171883883978 0.05358969477033918 0.054917909453401664 0.05367910991897789 0.049173960973935595 0.06374979498734548 0.06621807940981338 0.058250063075605145 0.06079282821775065 0.053048785999227355 0.05009842347484199 0.056906368280172294 0.06035600339952854 0.054648313482468756 0.057086465406623904 0.04824988291082387 0.05634473050808525 0.042640813638999346 0.057577782761398105 0.06368068845667255 0.045988922296523314 0.06172129520460443 0.04672739484020502 0.056217084376112225 0.05835106553998403 0.07032100217960224 0.06766603558305422 0.06522868715554848 0.056638125112459546 0.045460828969189945 0.06677376113006529
0.06684624512646532 0.0 0.053406118312911754 0.06406228866156571 0.0742354797713468 0.050343129837603154 0.07158585127404928 0.07799958870245985 0.07969431970103862 0.05657908704771464 0.058249084623077214 0.07784109173223432 0.0862970727685164 0.06940352745772309 0.08519105318680313 0.07224131263776701 0.07189052053930939 0.05758061006167419 0.05262351843600869 0.07317615719914625 0.05782680694675682 0.05433161058827049 0.0937744184193508 0.05656001540105718 0.05294019981200626 0.10046563229479147 0.05737775656401058 0.09165586652367218 0.07890233353349968 0.08554000947071147 0.07710413118822222 0.057635683202910626 0.0614319035744868 0.07568223460753835 0.06834582406640177 0.07381194783988347 0.07640483591247584 0.06699343826065857 0.057894460551402155 0.07207886549693088 0.0794194270205335 0.06868522232635692 0.07574089296204892 0.058458154283192766 0.06100867328969187 0.061864996531245955 0.046354220039815396 0.07289741582532007 0.07587420768820873 0.06995252530333337 0.05435787351065329 0.05238289096081447 0.06500056830068884 0.05875863890464027 0.05327320684660147 0.043053418021658574 0.055944459761903716 0.05578339585820678 0.05669107349731469 0.03983431758311262 0.05975873118923378 0.058676574446657706 0.06543387062987217 0.06026794391902026 0.05855171362555882 0.06562830428172187 0.04695369922006569 0.05792850478332286 0.05442430586787355 0.0628769131568446 0.06016084546324718 0.050777076642385344 0.05974782436559365 0.05376804712236431 0.05765893242750294 0.05420894322995723 0.05079064772194429 0.05308660512770956 0.054342335008431185 0.049068997354843796 0.053754014592062034 0.060195889856966445 0.05916199549383727 0.0630145093728629 0.052984644979919955 0.06631267997646964 0.05067057478695945 0.055657297728415024 0.04417341471492699 0.04962286762745913 0.061267440359650004 0.062036476276743954 0.04931471926518571 0.05232962249847723 0.06201102188749597 0.059954151025914684 0.06321427696837466 0.05710001390979792 0.056687286909114974 0.06388932349377408
0.07746422916822143 0.053406118312911754 0.0 0.08445941316882169 0.09629639305105678 0.05905068668965483 0.0836293201337023 0.06187834046025881 0.08418592844724744 0.07794687230390131 0.07023939018426806 0.09725101936398997 0.08961327495518275 0.06506713861245708 0.08183034731348113 0.07432068820713457 0.08150907036599377 0.07370525519104028 0.060894604182044156 0.09141177563487059 0.07219011597060686 0.05436259232111812 0.06500655208239876 0.07993373921587063 0.06980625886854822 0.11068936168097164 0.06852438917327726 0.09870794258295396 0.08328029078764308 0.08968062850090106 0.07975801110278481 0.07238603891599277 0.0655123193324634 0.08949158663086546 0.05203282259294097 0.08607184597928803 0.06976465510704025 0.08338684093999417 0.05722916463928934 0.06298068501415367 0.09583030891309462 0.05012790562880884 0.08221274915615577 0.05262520009586974 0.07552629013121738 0.08211425623406922 0.048071930467692287 0.07775671458467179 0.08007103544599939 0.08143392435912392 0.06767244908176147 0.05439244182276469 0.04921146959773276 0.061642247702949494 0.05136201003317247 0.057859153996165605 0.06426404130271807 0.06022494051969432 0.05959394836301765 0.04868544953433333 0.06134958202244489 0.06410918979193307 0.05229370229519791 0.05744728642884703 0.054853790446563216 0.06368896331329878 0.06050901341295711 0.05851682080639796 0.05694091642333532 0.07167669964359497 0.059394784128277194 0.06123241377408511 0.06133899641651123 0.068845287526498 0.05897640135753157 0.052372788314143943 0.062234095425592086 0.0513237480249294 0.05116213641365409 0.06492258087339406 0.06615371499730313 0.07296219050287668 0.0642237666057142 0.06765650389845798 0.06997867266766679 0.061152214842399494 0.06623570795065134 0.04885777954251742 0.04933199280266228 0.06043297344596408 0.05988443588582812 0.0758027769227253 0.06201498408807485 0.05605920190025494 0.04805578078627646 0.05004284733743118 0.061244873332988545 0.05968995186748547 0.06920008023361549 0.05437334337281382
0.052145597455075174 0.06406228866156571 0.08445941316882169 0.0 0.056495368703381 0.05739186014645434 0.07839985744236366 0.101937651057189 0.07584911653068713 0.05676029587769569 0.06678257686270596 0.056387452490523106 0.09322724995273059 0.07851051257498202 0.10136594412638956 0.08273880357997758 0.06714288881648948 0.05793675112939232 0.07546367406977121 0.05692169299721997 0.05044734606414418 0.07542299605526445 0.11131712803207516 0.04714093479559726 0.05339426276025877 0.07471311877415636 0.059924807619964306 0.07882409766238731 0.0722819946023675 0.10110805470061612 0.09025003595608352 0.057316336587101245 0.06209160935187458 0.06345063706659522 0.10118608607247308 0.07349792501324319 0.0965596585478906 0.05047076347016614 0.07087690442678904 0.090490877233382 0.060073230523765266 0.09619827868548632 0.06561020355808946 0.0849692733845031 0.043009287311901394 0.05738314379560063 0.07310497338795345 0.06442795642924201 0.06727657298856113 0.06278628505946592 0.059123470357643475 0.06270607351147493 0.07939231564575625 0.054646597094912604 0.06525199101535192 0.05819310970559288 0.0653963413511647 0.05825145157552359 0.052639556174072635 0.06734689307118924 0.05711599736249542 0.05598823196920304 0.07028023989328852 0.06078261670017832 0.06602385545957086 0.0747948255516005 0.06062746546581888 0.06241999261344131 0.06563770782502573 0.051691104573727026 0.059846532318782716 0.0511694036789132 0.06159731873907225 0.05050436955806002 0.060609302252212977 0.06794460786871445 0.057548462831300246 0.06193760120245312 0.0581927619238551 0.047126437170523096 0.05791765073047364 0.060507093355645074 0.055956443542211826 0.07159729447545872 0.05067258023121578 0.06412952891343492 0.04600467413742663 0.07316084049819352 0.06160377619596251 0.057036386090988135 0.061211103346936344 0.05617250011014152 0.057154148477482306 0.06407381249319953 0.08590379734878495 0.079702411091369 0.08148203782995439 0.05754551336036984 0.05339226473755881 0.0747839777220921
0.05654520888749514 0.0742354797713468 0.09629639305105678 0.056495368703381 0.0 0.06621664857789998 0.07440678679844366 0.10870076628545006 0.08009345803163506 0.05667006195792464 0.07492351440670444 0.07534717343313613 0.0962887221355307 0.09149218621131511 0.11092124635206232 0.09565403531544502 0.08195349829318707 0.06464170353007441 0.08853822696989022 0.06765482439327633 0.05473331872062183 0.08498754457747834 0.12672696142140732 0.05475320574953251 0.06996750095210709 0.08535768379848278 0.0740816120160397 0.08106877213519854 0.08121618851377037 0.11504577220499847 0.09278096225802572 0.05598147717996445 0.06365664041743499 0.06816947600612688 0.11311579992631605 0.07093866569063845 0.10764601249134673 0.05120062486863634 0.07831085383087892 0.09416416638640879 0.07170698687387486 0.1069307729490367 0.060265393634285735 0.09188596377101117 0.05425682085868811 0.07439511799139009 0.08825385364202226 0.0750187368915556 0.08425605277884222 0.06565347698753685 0.06341682701673337 0.073916834469145 0.0888268162698654 0.06059211016714518 0.07485470593623698 0.06774007345329955 0.06374345129632553 0.0636151918208702 0.07145786850627824 0.0803664227660927 0.06579812526005276 0.06284757462237509 0.07992666574428912 0.07052797176900111 0.08004355308001326 0.06865668024856729 0.06386475356600327 0.07185255196332961 0.07971347122568267 0.062457297326989986 0.06868534579480166 0.06913146399787595 0.06583805278124874 0.054233098818308144 0.07176436258584419 0.07643288484516138 0.07146498986045295 0.06658439101622109 0.07117741584732294 0.05543241534961747 0.06684643629748235 0.07364318529315853 0.06393663684052803 0.06020884075322963 0.057546434725126695 0.0680861774610581 0.05636254218802808 0.07032793823900031 0.0752430126838461 0.06073725086026502 0.06629315500765832 0.06239359302197797 0.06269173695936352 0.06930156714186464 0.08174743121094358 0.07972249282245318 0.07724447158277505 0.06309732238939592 0.061989173713384624 0.07481528664221429
0.05491154683345724 0.050343129837603154 0.05905068668965483 0.05739186014645434 0.06621664857789998 0.0 0.07183119098568398 0.08574710453262727 0.07122778920949759 0.06184086791739384 0.05502173778789179 0.07210651515940063 0.07327339435924991 0.06134417473744344 0.08100167954224546 0.07674632730880519 0.0636876855385493 0.0537654485882053 0.06976026670835109 0.06151950515701993 0.047701794839601554 0.05231987767075862 0.08538649913264246 0.05474501834681701 0.06104264396446509 0.08943369787868923 0.055159961079830795 0.08266593208099743 0.06994034944617217 0.0894292026879983 0.06489811581440669 0.048139851870730256 0.05392236412751168 0.0694023178788559 0.07204661119968951 0.06763959399475883 0.08489636532256287 0.047594676248036115 0.046956088668995415 0.07404806152120849 0.07582975083558641 0.062366495487841685 0.06733430618990136 0.05986888077031634 0.05364725523783381 0.055297730670515195 0.05134146393800851 0.06638761392349386 0.06941399895705923 0.06962720856599812 0.05356487091147013 0.04719470230280052 0.0663692374144566 0.04532505477365736 0.046358547856397446 0.0470556285962918 0.051088922729660736 0.048471076409133645 0.050358254072261924 0.05752537071466794 0.04448479042797706 0.05086227240886783 0.054228792828143454 0.047324576307225384 0.0525467820704396 0.054075599633314674 0.04563151228437432 0.04740153812162999 0.04458112320102788 0.04705321094970211 0.04526285209131223 0.055254898973018114 0.03850905945423697 0.04811042438314178 0.046312392721227696 0.04862557802438704 0.0414301174752818 0.05154098051491037 0.04966155339840965 0.05976002559819051 0.05032446907635425 0.05325902140162659 0.05087268287555766 0.060776806079061434 0.04584321059455293 0.05705094618002665 0.04920626797658268 0.05527864713352854 0.04772884275692934 0.04587196529580579 0.04752632572570142 0.0650836177671399 0.05336406711103241 0.04508652514768487 0.06588629333758514 0.05544325886757654 0.05479119944928757 0.03562301485518136 0.0506569297986421 0.052133119114390274
0.0745298720453359 0.07158585127404928 0.0836293201337023 0.07839985744236366 0.07440678679844366 0.07183119098568398 0.0 0.09618250067333078 0.07834248440990003 0.06276569516951551 0.06283091593557215 0.08495456184971487 0.07978301104283224 0.0735784776043063 0.09876484581268359 0.08713771612130931 0.07491379937238352 0.07310653035071439 0.08348853993720026 0.06947951955071095 0.06530950612621225 0.06901044283257896 0.10123583387194907 0.06614340086730038 0.060935053840311885 0.0792552745246655 0.06404475063603872 0.07587363198865502 0.06834915471424956 0.10788145255404283 0.07523250289785097 0.06261936982447336 0.07079805887208611 0.08399729881037282 0.09802387637710472 0.06738488316559708 0.09378786129145349 0.0667424423071644 0.07827060026756157 0.08271624459935324 0.08125682252115578 0.09573665590182026 0.06638020463962974 0.08209361381856733 0.06935001134898366 0.07303041780514823 0.08291212896216794 0.06849662286568682 0.07259006230968781 0.07358828777717903 0.06239549240298906 0.07761355832694092 0.08454983444946348 0.0693866079900385 0.07339327299870835 0.08084206424871557 0.06930007549637084 0.07422609313793056 0.07167051402792252 0.06966910377402535 0.07410300682098751 0.07361218756459216 0.06942676694157342 0.06785952112073274 0.08013913243992563 0.06666211839763575 0.06498127430077723 0.06677550009519152 0.07360423031518985 0.06669783594056974 0.08064582426458904 0.06661902752638584 0.06756715949501853 0.06574030372757587 0.07163632830724567 0.06967097628179517 0.06537061426207293 0.06388285785850381 0.06391362240241844 0.06999128395128035 0.06283325882225471 0.06263239751467388 0.07357099590404091 0.06054920236049167 0.06269254169361478 0.07078768440417203 0.06596277082196038 0.06955825399929262 0.06734977291475032 0.066165233699885 0.06425449239894064 0.06835340371410216 0.06325865144972954 0.07172675235984595 0.08471528662909344 0.0739873458244593 0.07502201089773987 0.06825957307034568 0.07453201851432703 0.06947331796565565
0.08970183461537108 0.07799958870245985 0.06187834046025881 0.101937651057189 0.10870076628545006 0.08574710453262727 0.09618250067333078 0.0 0.09094904915636907 0.08430624820199467 0.08878645382041804 0.11449961882931825 0.10422005356384287 0.07803575873879577 0.08143563573610897 0.09014187343572563 0.09343853828614251 0.08855591187477498 0.06675150950710854 0.11319014953690101 0.08757135606009088 0.07749044433666008 0.0678064028007455 0.09803574316831694 0.09642489592251274 0.13683671838943814 0.07362014123195885 0.1131441195338376 0.0967120311077489 0.08864029925873043 0.09048563590354315 0.0804284327181321 0.08542228865738441 0.09391220223652798 0.061305789643994406 0.09861566272540385 0.07461032221278896 0.0990513495655257 0.07633212557552926 0.08784334524525556 0.11862353369056797 0.0656845130155124 0.0951068781398757 0.057636218582446316 0.09282263259306837 0.09336244263877491 0.05715814835652246 0.0882073755965151 0.10619242021191731 0.10871816288520343 0.0851872274809495 0.08358455494030219 0.07246647665472432 0.07647500702550274 0.06260269688426219 0.07151100548767184 0.08480682718379395 0.0768960243651359 0.07105027011939682 0.07124156302786266 0.07860196779063783 0.07952208758255115 0.084230653503073 0.0826291911403258 0.0726837440688555 0.08994243373463082 0.07816464997814832 0.08525234685238531 0.07346027758115073 0.0927909054349511 0.0815247869956841 0.08252665809616894 0.07787399637415918 0.08489180040212424 0.08160511531883613 0.07955959499259 0.08176108069413253 0.08428598518763916 0.07225392376440888 0.08531663373943815 0.08851351752361258 0.0871030513392801 0.08179673676119861 0.08642804111184313 0.08816565949992043 0.08594235111476321 0.08206947389049382 0.06894937122689665 0.08047604754657191 0.07759688370141352 0.08530673947092753 0.08208429889101014 0.07482410293313345 0.08255308411276487 0.0732172174735013 0.07316319428288617 0.08171157574562705 0.07794231990326865 0.07928824900174439 0.07823331648217403
0.0709396493379866 0.07969431970103862 0.08418592844724744 0.07584911653068713 0.08009345803163506 0.07122778920949759 0.07834248440990003 0.09094904915636907 0.0 0.07877885930072817 0.0655690409606377 0.08028376306356835 0.0867149472837056 0.07537109010008422 0.10185682927804514 0.0802958674471132 0.07359240524197765 0.08166879544797452 0.08850674409962235 0.07697538853508827 0.07303205294442498 0.08281435254256542 0.09572897386215562 0.07509563908263682 0.06941919814402214 0.0883649791652087 0.07845120648753763 0.07831340661793249 0.07430152391470232 0.10952055734056933 0.08204561725849606 0.07508410059115882 0.06877150051836382 0.08403810893599596 0.1007332745691036 0.06795187726669287 0.0950583107928895 0.0754186200270127 0.07672916257680594 0.08182834900758304 0.08319652902501858 0.09807021035659544 0.07867707042971736 0.08748678597035885 0.07703707103314765 0.07524225528660955 0.0803776733271337 0.060517581042504945 0.07673302241578302 0.07894803239146554 0.0751336382962798 0.07057612245532606 0.08130356316521445 0.07715459278741812 0.07466984252009863 0.07476777259332645 0.0799098649367757 0.07069782457065389 0.06753615066560685 0.07214622607112174 0.07195833846981604 0.06482268300305914 0.07862705774828231 0.06203906770247675 0.08058571929017158 0.07467816601735626 0.07235657493768144 0.07230217710609066 0.07673015571114734 0.07158659260829778 0.07894307199724515 0.06461921698458704 0.07658111162627067 0.06874167861703544 0.08232367442415933 0.07241347859473637 0.0792512358676635 0.0736575423083191 0.07319089962134799 0.07256408571633954 0.07184380630295618 0.07292559013646081 0.07628356877031056 0.07727307927894775 0.06843319356892533 0.07170252151132907 0.0704424935763936 0.07888556527114642 0.07465460305521532 0.06537568575211695 0.0687251064510803 0.07589444436107261 0.07988580793710998 0.07227564598584166 0.08653479729621626 0.07785844631978465 0.06951396982605089 0.07147758695506123 0.0720864744833983 0.06831448993790411
0.05805438679722996 0.05657908704771464 0.07794687230390131 0.05676029587769569 0.05667006195792464 0.06184086791739384 0.06276569516951551 0.08430624820199467 0.07877885930072817 0.0 0.06355271536306736 0.07690756626841669 0.09228824531945433 0.07466752140308489 0.09786666792574208 0.0867170207042319 0.06877435079359981 0.06282968363478526 0.06236238211424176 0.0693957819930558 0.05231440305050489 0.06787238385030522 0.1098514875113521 0.05241674966354903 0.05732154104419699 0.08798511343927747 0.04795372368667293 0.0800657594136875 0.07536476039148485 0.10066534961949208 0.08432449609030032 0.05284637451808451 0.06218578097842881 0.06492096756645827 0.09085358102394006 0.07111448072295493 0.08889582803063488 0.06077034163627428 0.06787544080650638 0.08436572967461316 0.07451040395325412 0.0924006229124419 0.057513409505281186 0.07571454335656458 0.051430452686717386 0.06462896220849698 0.06906749852282859 0.07015911755175745 0.07585571723864641 0.06769217715835975 0.059059095881782535 0.062011522038228815 0.07702100542912661 0.0563317999946729 0.06260786564882845 0.05780507428748719 0.06150138055681729 0.05749201588886303 0.05275915882092269 0.06280501965164526 0.059695283711205215 0.06216641608116143 0.07318668669411489 0.05852498727892209 0.0727095079863473 0.06485596041587068 0.05278156931846984 0.061854911452490634 0.06468110748564593 0.06455882528609232 0.06149647195545347 0.04989905259768817 0.05870760586426122 0.046509256204710234 0.06193610962659111 0.0712534750106341 0.05948707688656875 0.0598934725422171 0.054104824898104725 0.049695309087756594 0.060880664462777886 0.06812398623175082 0.05645041034977732 0.0533082104840185 0.05652141809338529 0.06769576512334195 0.05098874359032271 0.060763057319346093 0.06158332227761447 0.05074426246664256 0.06530242915237718 0.050356128945797225 0.05018056557855606 0.06680082014022627 0.07874885251250613 0.07290115764523193 0.0747136544549128 0.06080867610698848 0.05984501980430205 0.06970339467149372
0.05311155412332536 0.058249084623077214 0.07023939018426806 0.06678257686270596 0.07492351440670444 0.05502173778789179 0.06283091593557215 0.08878645382041804 0.0655690409606377 0.06355271536306736 0.0 0.07784534810991024 0.08612792420132288 0.06893248350025262 0.09520507573767543 0.07836863529195526 0.06951350240344839 0.06406089840510008 0.07403559906447242 0.053921069748092174 0.05406059518956739 0.06033162938803506 0.09821428014240269 0.05616457846120549 0.0599050380501582 0.0877664207159839 0.05054536098349027 0.07944042505191944 0.06999744406893088 0.09541793397276187 0.07890391144966882 0.05819470679179799 0.060649633207469716 0.07567485679067494 0.07692270917901882 0.060742012997236416 0.08901505296964801 0.06098903543719228 0.06393151510443919 0.08420521805289725 0.0688968764308986 0.08015730851205588 0.072480879281647 0.07139410396461918 0.054026457249324485 0.06242326129209203 0.061333677110829446 0.06163150587949183 0.07627857902085641 0.07780255309547139 0.060811667559840195 0.059396352785249504 0.07358454364458318 0.05006843768458369 0.058918469560946714 0.06386961258279682 0.051822995617210155 0.062107326191151314 0.052750475087251905 0.061549162190303736 0.056766529989448596 0.04953806603115956 0.07244371353477107 0.05481853250556531 0.06940436514928602 0.06902035251410651 0.050087039947358886 0.06889622267050283 0.0586928217793912 0.04654100123784412 0.059125180342121914 0.051319210824611494 0.0594665462418732 0.04748915406093985 0.06896919985553299 0.06568617318140253 0.05434813546597175 0.06700911096580149 0.04860784119541922 0.05711802100267471 0.05808101779260425 0.06129377144892045 0.06189248895457909 0.05985981877412498 0.041304723165980134 0.06528313473640256 0.051689332031024625 0.06025027435553593 0.06330048184541921 0.05012791223547254 0.06740533862961122 0.059457502951841386 0.057910448048725915 0.06251145938856911 0.06771593609376729 0.07256939428448449 0.06867821445965668 0.05836312619083434 0.054979765896852 0.056738388191479784
0.07054484406544743 0.07784109173223432 0.09725101936398997 0.056387452490523106 0.07534717343313613 0.07210651515940063 0.08495456184971487 0.11449961882931825 0.08028376306356835 0.07690756626841669 0.07784534810991024 0.0 0.08834436616424463 0.09298512677060308 0.1140174554008787 0.08594909149883376 0.0731555838262039 0.07332914458953102 0.09039312084738896 0.06193224983243654 0.07194584799008141 0.08842507886937707 0.11681701388875061 0.060780032889615566 0.06509823400836531 0.06992951376036227 0.07668796079264788 0.07944865535882148 0.07484175986850018 0.1189807089814959 0.08259591414791356 0.07353022951205675 0.07722915448678268 0.07821159933666728 0.11800430476558799 0.08258595904755264 0.10039278732691773 0.06334623425923822 0.08988435392959748 0.09856118496268595 0.05637929492666967 0.11399245923187629 0.07946174199637913 0.09592018827208317 0.06636931428552507 0.0737376491095745 0.09255425212341994 0.07931852314095529 0.07932664731444299 0.0695388658310224 0.08139343906594873 0.08131373653662151 0.08990723784291688 0.07507795943441602 0.07736432821030527 0.08081054460318819 0.08927438140446532 0.07776402612596282 0.06723729063217837 0.0819210555826106 0.06930734167609867 0.07148109625619763 0.08513694371920576 0.07032729682772487 0.08497054816711345 0.08631683420326362 0.0784153358403617 0.07687020395119014 0.09073652932617043 0.07161780906449032 0.08094856105810641 0.06987430008322103 0.08163480153197934 0.06940423624739937 0.07869563473394392 0.07753049433633717 0.08199910392319218 0.07743678573448995 0.08394405094753656 0.06509112470201943 0.07669552844767383 0.07992757484952817 0.07570919038411379 0.07927341567770624 0.06592742718114007 0.07890220770855237 0.06650047742715014 0.09349433495906816 0.07874820028888332 0.076891286711238 0.06629745145751739 0.07663487815533718 0.0802008672278763 0.08173362394093708 0.10138265509275457 0.09828799408680446 0.09534834940541537 0.07667207571994074 0.07121259111665787 0.08667327781179977
0.08419381210602393 0.0862970727685164 0.08961327495518275 0.09322724995273059 0.0962887221355307 0.07327339435924991 0.07978301104283224 0.10422005356384287 0.0867149472837056 0.09228824531945433 0.08612792420132288 0.08834436616424463 0.0 0.08929263784314935 0.09891904309392313 0.08170018914245054 0.0927278864920821 0.08502104941179835 0.09452374387644576 0.0916348235487682 0.07912440599377657 0.09719002371344294 0.09866971993864285 0.0846510414495915 0.0776190037058731 0.10166353334250113 0.09096035200427317 0.0965840761229659 0.08323133336525976 0.10736478003171081 0.08387722461549332 0.08492618090989153 0.07801884805837776 0.09458061295399599 0.09440807895685652 0.09028968182658237 0.10300514617966053 0.07662731509099964 0.08432203364223387 0.08555181450512998 0.10128846702268064 0.09066381376826543 0.08090680639094305 0.08383950834892719 0.08034024722571377 0.08653469018326787 0.08828770508516488 0.08404540103039143 0.08796298417126236 0.08577518797348857 0.0801755415661278 0.08974285210383917 0.0864157177801822 0.07769186075157378 0.07575219838739129 0.07995816251223574 0.07846533879741713 0.08676239220308075 0.08207777779029583 0.08191825622866365 0.08194589738678548 0.07710006165522887 0.0895038613590547 0.07658637252250296 0.0834240184681453 0.07628837583466781 0.07831209354355662 0.07440861976425463 0.0854427175599119 0.08503425905662283 0.08402700614774344 0.08102375330623814 0.078796852469511 0.08170861418871413 0.08739019491557437 0.06898104282319895 0.08733174276348049 0.07393125237429411 0.09108197149516996 0.09204269839570207 0.07665988988275285 0.08087861345704792 0.07700504741789305 0.09114988492909558 0.08062555000393018 0.07734955220345163 0.0827051581477531 0.08677005669440091 0.07474806885419806 0.08457505155346479 0.08106689593699899 0.08427774552569288 0.0889677501601249 0.07029976289498896 0.09918850510829123 0.08578370529802962 0.07117990770168786 0.07831110034003774 0.08400745543184465 0.08724946739291176
0.07372239064066816 0.06940352745772309 0.06506713861245708 0.07851051257498202 0.09149218621131511 0.06134417473744344 0.0735784776043063 0.07803575873879577 0.07537109010008422 0.07466752140308489 0.06893248350025262 0.09298512677060308 0.08929263784314935 0.0 0.0862799312935107 0.07585188126933186 0.07502766765968669 0.07031796506321554 0.07493501537150223 0.09109724927715515 0.06428514873861045 0.06969999759096857 0.07617621753783117 0.06947151589842004 0.06911595291374963 0.10411287529228444 0.059093034425770075 0.09712261422820423 0.08565466153265387 0.08488440088244945 0.0721219279448587 0.0699669152459917 0.07248585508807999 0.08774600940206315 0.0740162034092949 0.08528204642660643 0.08754859041956504 0.08464485257980092 0.07430433557903905 0.08317630257098327 0.09436446811314181 0.07763378931603082 0.0766885381690503 0.0678656856650017 0.07314031129331434 0.07592609186278641 0.0618744489954164 0.07339501601645072 0.08563584446399143 0.083625105264587 0.06624720967067296 0.06299716654519454 0.07442691916056153 0.06506958502825803 0.06398602523329386 0.06767703450783624 0.0748691059891066 0.07196662208639838 0.07139811638947195 0.06730517444968694 0.06604580242821878 0.07722797835233791 0.06947636851053143 0.0598949379716386 0.07566823505506715 0.06284248081573249 0.060026489975188786 0.06654380004164553 0.06535353525886788 0.07145089459683758 0.06573587297246718 0.06542077874815418 0.07042969460083663 0.06431429682614224 0.06958699422100222 0.06820695909131769 0.06820108261489732 0.07523045639543428 0.061607384902003445 0.07546044763320271 0.06991206084909762 0.06887531895830878 0.06600806303410026 0.07951229318313652 0.07360609949052357 0.07111212786698874 0.06584044880272098 0.05930394058058409 0.06413256465773956 0.05573528960414745 0.06935519870518225 0.07295488948988878 0.06921977313237931 0.07282574748792534 0.08059628609771535 0.06857180014585891 0.07377104894620999 0.0727428305244095 0.06508714812786512 0.06316411816721783
0.09492403995995184 0.08519105318680313 0.08183034731348113 0.10136594412638956 0.11092124635206232 0.08100167954224546 0.09876484581268359 0.08143563573610897 0.10185682927804514 0.09786666792574208 0.09520507573767543 0.1140174554008787 0.09891904309392313 0.0862799312935107 0.0 0.10845945038180027 0.09628902562826497 0.08312636086266983 0.08409525918193175 0.11514486432522364 0.09149466571748165 0.07863199837345447 0.07505915425952657 0.10315191592745199 0.10581017048178999 0.13165980219762197 0.08746368545321527 0.12506809826300344 0.10207433794783928 0.08321293011192385 0.0853170498432739 0.09300610039834847 0.09736605764058723 0.09710963332847743 0.07377981697516933 0.09440755632317098 0.08269877592944051 0.10292152157223124 0.08068911258511405 0.09383435896541287 0.11820493135019365 0.06874609501129078 0.09417234396668588 0.08341393348874623 0.09995082000927731 0.09063767547013714 0.07255577391248343 0.10534132435480788 0.0969299258567121 0.1169385147800181 0.08955682080930007 0.08848192227837219 0.08484885228131492 0.08332422514965247 0.07780750325285259 0.08093889994351064 0.08374903279366225 0.08042282094600818 0.08813376373696186 0.07953901846407516 0.0875248736397311 0.09338160879456321 0.09326370171717528 0.08962015389183631 0.06445662113681197 0.09061415928371978 0.08642320623019702 0.08509993247048012 0.08281188570513316 0.09936833671334847 0.08562449175010989 0.09392392081291605 0.07960466486767218 0.0955946931871164 0.08649760253156798 0.08443348242485557 0.07909014799694793 0.08568206047119763 0.08787175087651189 0.10061943190569372 0.08738188687083402 0.09604722079969653 0.08298928384900932 0.0919774192492543 0.09416635636677362 0.08576659807314216 0.09043086876763613 0.07859283943436057 0.0923477757727977 0.08758924857818058 0.09795497151842421 0.08915084783294124 0.08805408447065903 0.08367868651166813 0.0775278463045415 0.07676775404262352 0.08623578306309522 0.08295313257105227 0.09035530200259706 0.08409221552740523
0.08175097993053643 0.07224131263776701 0.07432068820713457 0.08273880357997758 0.09565403531544502 0.07674632730880519 0.08713771612130931 0.09014187343572563 0.0802958674471132 0.0867170207042319 0.07836863529195526 0.08594909149883376 0.08170018914245054 0.07585188126933186 0.10845945038180027 0.0 0.08637406551280781 0.08779454804726265 0.08027850298369749 0.09348783069160158 0.07885413448124534 0.08872467107700704 0.09150057745805355 0.0779416661526672 0.06886127104315248 0.10607824047749376 0.07557725642983167 0.0978953378316413 0.0901975990335983 0.09900162435871065 0.08707846478466479 0.07797207997748624 0.07276213987254822 0.09670684766791099 0.08660650439174938 0.09322174685814866 0.08707216485818199 0.08309110886365415 0.0831478033990119 0.07864208152746645 0.10062922571753401 0.08233928050874594 0.09302770157336795 0.07265672457813654 0.08048246951532208 0.08557459768406414 0.07404107445395045 0.07530574537506987 0.08375134370370076 0.08185063012885431 0.07652394477291147 0.07541072486114953 0.07391050870808862 0.08108454642029064 0.07295489613204922 0.06977905439289667 0.07399017151683875 0.08071905866298237 0.074613109233444 0.06853176687272057 0.07752299010022662 0.07329924722554715 0.07691795826895909 0.07564906509668623 0.08501738331224229 0.07921513320959041 0.07275048273127725 0.07066007687086763 0.07613253607544483 0.08170080555078453 0.08000095405822824 0.0687929699524326 0.09015601362216014 0.0738478386624323 0.08402839231632102 0.06660765286765605 0.08010091663711129 0.07873975564601221 0.07771707694423641 0.07809289531740847 0.07300330074228457 0.07657356232373487 0.08092850299071663 0.0869244319417979 0.07150286983855757 0.07661268689901286 0.0739208714233843 0.0861059859416552 0.06255066208268531 0.07712383893642404 0.08027180778283899 0.08504931613749193 0.07545762391996194 0.07628488610692893 0.08642574616608407 0.08323108821364153 0.07838140509729266 0.08748723654574007 0.07080773512148573 0.07746312714611109
0.07210082561569221 0.07189052053930939 0.08150907036599377 0.06714288881648948 0.08195349829318707 0.0636876855385493 0.07491379937238352 0.09343853828614251 0.07359240524197765 0.06877435079359981 0.06951350240344839 0.0731555838262039 0.0927278864920821 0.07502766765968669 0.09628902562826497 0.08637406551280781 0.0 0.06726876961096612 0.07889910016250574 0.07514025890993964 0.06874002837082593 0.07787788477884276 0.10147475129414682 0.07072812123248322 0.07149188301114333 0.09340119534977685 0.06746028778009565 0.08105935517268786 0.08080822567648095 0.09902332838829377 0.0757627102480234 0.06778272201251656 0.0697658887178549 0.07891015668196145 0.0945279311330489 0.07240505895784821 0.08947918873598494 0.06916118040828166 0.06996285587119505 0.08350834245021714 0.07607494598203209 0.09405810885690997 0.07918145067108466 0.08282175150130938 0.06914262253972345 0.06305330015404696 0.07221678647040335 0.06556460495861123 0.08017581878817459 0.08337789475160229 0.0741202981474256 0.07045548267831314 0.08235356814756438 0.07028809251347123 0.07090586275024209 0.0711344651953101 0.07403977839100363 0.06397383347666273 0.06141228508337167 0.07705613127938002 0.061682332852205514 0.06353681894189546 0.08072435272050373 0.06863782987646258 0.07727775914617456 0.07935118024148681 0.06856601980193688 0.0678935711425077 0.07455081542806534 0.06857238577625457 0.07298242833632522 0.06685393800494885 0.07317602011173374 0.0679204643470827 0.06858955568838748 0.0791758962835335 0.0633703971426105 0.07394944297886057 0.06447179954749686 0.07396214056599044 0.0727155749666044 0.07474181272667599 0.06926219739905902 0.07662913457399229 0.06020802093187825 0.07572013522642168 0.05666522048902108 0.07792455653525823 0.07104669018000259 0.05811474768943252 0.06781840281919516 0.06905852827498456 0.07353978844383953 0.07461065906694782 0.08562609392457912 0.08481335853809913 0.07666689198429269 0.06399110034735257 0.06830178014431568 0.07636312551268248
0.058544796528613774 0.05758061006167419 0.07370525519104028 0.05793675112939232 0.06464170353007441 0.0537654485882053 0.07310653035071439 0.08855591187477498 0.08166879544797452 0.06282968363478526 0.06406089840510008 0.07332914458953102 0.08502104941179835 0.07031796506321554 0.08312636086266983 0.08779454804726265 0.06726876961096612 0.0 0.08052869844733186 0.06887004081299565 0.05142076379287837 0.06497598570894865 0.09569104885014275 0.05168903468888825 0.06266820408724416 0.0958399611680965 0.0609646433767576 0.08429619375516995 0.07489450736005089 0.09177119405669887 0.08366435848803103 0.05563555165212627 0.06764477906244283 0.06030474860637794 0.07756992074569759 0.08089996392333607 0.09331089761405927 0.05815784708923009 0.05954871600269256 0.08025132897044869 0.0756645922021297 0.0807710763123078 0.05807746708202535 0.06727136689522445 0.05287062092774163 0.06492081619725694 0.06817223525672246 0.07643655500392446 0.07283393382552082 0.06634292911232427 0.06372559647486621 0.06372326734873683 0.07143354393190006 0.049896047899482425 0.05993550291238584 0.05767599448030682 0.059351728958530484 0.057171386598326907 0.06204661020223183 0.06862216503455514 0.05906709831240875 0.06267757468353084 0.06551262195509308 0.0670568179133733 0.057209947871657216 0.06602973976765857 0.05440605034371696 0.06190248561586863 0.057330944320453305 0.05929336983740014 0.058391662725096494 0.05928211531834746 0.05802508189017665 0.058717200982121215 0.04866808739991594 0.06074456386664551 0.054165907273479016 0.05832646046046554 0.06300699312328516 0.06067342940031987 0.06274113319287655 0.07224579643957071 0.04988255362097354 0.05862045817509889 0.05671722420396518 0.05444149177636056 0.050819101746856644 0.06059867878706069 0.06844089202518056 0.052399755835849854 0.06242062422753155 0.06132245932027176 0.06236056669398564 0.05788633576105298 0.07001553718366026 0.06497244659286086 0.07437088903866804 0.05612128521211403 0.054043758100334634 0.06969099561694277
0.07294754446945668 0.05262351843600869 0.060894604182044156 0.07546367406977121 0.08853822696989022 0.06976026670835109 0.08348853993720026 0.06675150950710854 0.08850674409962235 0.06236238211424176 0.07403559906447242 0.09039312084738896 0.09452374387644576 0.07493501537150223 0.08409525918193175 0.08027850298369749 0.07889910016250574 0.08052869844733186 0.0 0.09504696541725476 0.06862028725730683 0.06627238145424579 0.08560820971806138 0.0740246156203166 0.07384633015019522 0.10954156750540793 0.06615835675905746 0.09909949982841672 0.08541610302033993 0.08091785684674815 0.07945605529920069 0.06964162196043941 0.07101035975055148 0.08246487142366181 0.07039339138490404 0.08171410299243166 0.06554656000764271 0.0845701963609253 0.07410611138610472 0.07887887144797434 0.09558311083820087 0.0715011342765732 0.07577391570287931 0.07158782101223272 0.07357582495052191 0.07079532535921003 0.05835122250899143 0.07395780813567873 0.08528445278388322 0.08994948892278284 0.06927277226745719 0.06843891566818036 0.07971395410296807 0.0673156175686459 0.063035625342671 0.05708397485262821 0.06668038676478139 0.061412336761233186 0.06374598228155653 0.057658092241086374 0.06374106943667945 0.06995809392875206 0.07303975348844237 0.06946501475845829 0.06721524154567024 0.07721837804513668 0.05956883444928451 0.06813998888719974 0.07162272632218054 0.08168438616203726 0.06810251475293823 0.059870224321389054 0.06949582765631726 0.06661291141102448 0.07232213982795224 0.07437811020634141 0.0620166878681673 0.06500215974074645 0.06262361313323032 0.06961709868951135 0.06442722139039855 0.07690222003592 0.06839472378222149 0.071559150237547 0.07195804394697534 0.07198880466980964 0.06409876112048847 0.06001333275952866 0.05735469144248097 0.060934753485965984 0.07817071965542291 0.06752976049801805 0.06164510989778157 0.06515174024147756 0.07006652319167586 0.07311531961544304 0.0756742131088659 0.069342691177574 0.06482913244437598 0.07027638641982942
0.0612345768346925 0.07317615719914625 0.09141177563487059 0.05692169299721997 0.06765482439327633 0.06151950515701993 0.06947951955071095 0.11319014953690101 0.07697538853508827 0.0693957819930558 0.053921069748092174 0.06193224983243654 0.0916348235487682 0.09109724927715515 0.11514486432522364 0.09348783069160158 0.07514025890993964 0.06887004081299565 0.09504696541725476 0.0 0.06592830998728205 0.07005047965949746 0.11804851280643379 0.05978583626310655 0.05833386457559354 0.0681088422740793 0.07005604327298103 0.07169610047830209 0.07132552256578999 0.10934974201744671 0.08902076564295419 0.0690288601914516 0.07191616884979783 0.078495652057793 0.10798227077479362 0.06249861066477567 0.10814258679800536 0.05617838251868325 0.06874586242137869 0.09578761245414817 0.06015397190812254 0.09824663053417068 0.07698240955263635 0.0943442475455092 0.05734957517047116 0.0704947274693179 0.0851477537248863 0.07460928667410362 0.07371500196488466 0.07209188513708444 0.06530489993279974 0.0703046612174915 0.08476347811376686 0.06174915339531652 0.07897372493512733 0.077679974916905 0.07075805787842006 0.06453672030920186 0.06921516387627545 0.0796031899709764 0.06571999525918439 0.058961243415830936 0.07454100639797434 0.06574593025310728 0.07356010362411816 0.07634980512944187 0.06499414659648431 0.0688742533857531 0.0763904637967215 0.05274542201002381 0.07211494550604625 0.06839282873327354 0.06889728455031932 0.06498593865178581 0.06500306470615712 0.070506892977419 0.06448767889064042 0.06043064179460539 0.07312566988079237 0.05937809538720992 0.06407713173040361 0.0641350789053299 0.0734909666909208 0.069286867975001 0.059805564632031585 0.07240498585901073 0.06579535482702666 0.08061995457745108 0.0730301259277649 0.06937372840629916 0.061573435714166604 0.06574055601687195 0.06765004933790775 0.072838230527044 0.08758934826569287 0.07936384992348403 0.0786465034997807 0.05974605739742412 0.07126273085696185 0.0710534994825636
